3 6
8 11
2 17
2 19
3 17
4 15
5 19
6 15
8 15
9 16
11 20
13 23
15 22
0 25
0 26
0 28
2 25
2 29
3 28
5 27
12 26
13 26
15 28
18 26
18 29
22 29
2 34
9 30
14 32
27 30
27 32
28 33
29 31
0 36
1 36
14 39
25 36
26 36
31 35
31 39
32 37
7 40
7 42
11 42
13 43
18 41
21 42
26 42
28 42
32 42
0 47
8 49
19 47
22 49
24 48
34 48
35 46
43 47
43 48
5 51
16 51
18 54
27 54
44 51
44 54
46 54
4 55
4 56
7 57
19 57
20 55
24 55
30 58
42 59
49 57
51 55
51 59
9 64
11 61
14 64
15 62
21 61
29 62
30 60
33 64
46 63
47 60
49 61
49 63
50 60
56 64
6 65
7 65
15 65
15 68
16 65
18 65
18 67
39 67
42 65
43 66
44 69
45 69
47 65
48 66
51 68
57 66
57 69
63 66
5 72
12 70
13 71
13 74
16 70
17 72
20 73
25 71
26 71
31 70
33 72
44 72
48 73
49 71
49 74
53 72
58 73
62 72
63 74
66 71
66 72
68 71
69 71
12 79
13 75
14 79
20 77
24 79
30 77
30 79
35 76
36 76
36 79
38 79
44 78
51 77
52 78
55 75
59 76
60 75
61 76
61 79
64 79
69 78
72 77
10 80
10 83
12 83
18 82
21 84
23 81
24 80
29 84
31 82
40 81
42 80
48 84
52 84
59 84
60 82
61 82
65 80
67 84
69 80
72 81
78 84
79 81
0 85
2 86
6 85
8 86
10 86
12 88
31 87
32 86
39 85
47 87
51 87
53 87
55 86
63 87
67 85
69 87
72 85
75 86
80 85
82 88
0 91
7 93
9 90
11 92
17 94
20 90
20 92
22 90
24 90
27 93
28 90
32 93
33 91
36 90
36 93
38 92
40 90
43 91
45 92
53 92
56 92
57 91
61 90
65 93
69 92
71 93
73 90
73 91
81 91
86 94
88 94
2 95
2 97
5 96
12 98
13 96
20 98
22 96
31 97
32 95
35 96
36 96
39 99
49 99
56 96
57 97
61 97
62 95
62 96
75 99
88 97
90 99
0 100
1 100
2 100
5 104
13 102
15 103
20 101
30 101
33 101
33 102
42 100
46 104
50 101
54 100
55 100
59 102
59 103
80 101
81 100
88 100
88 102
90 100
94 103
97 101
1 108
2 107
14 106
14 109
17 107
20 108
24 109
27 108
37 109
39 108
39 109
45 109
50 107
53 106
63 108
66 109
67 109
68 109
70 106
71 107
71 108
73 109
74 105
77 107
77 108
79 105
83 106
84 106
84 109
93 106
95 108
104 108
6 110
9 110
11 113
18 114
22 111
24 110
33 110
36 113
42 111
43 113
44 110
44 111
50 112
57 111
60 110
60 114
64 113
71 112
73 113
82 113
87 112
92 114
93 113
99 114
101 110
101 111
105 113
109 113
1 116
8 117
9 116
10 118
12 116
15 115
19 115
21 115
28 118
34 118
36 115
37 118
38 115
41 119
44 118
46 117
47 115
51 118
65 118
67 118
68 116
78 115
78 116
93 117
96 115
103 116
105 118
107 116
109 119
5 122
8 121
29 121
32 122
36 121
37 120
44 120
44 124
51 121
60 124
61 123
62 120
66 121
66 124
70 123
71 120
75 123
78 120
79 123
81 122
85 120
87 122
87 123
88 121
95 121
95 123
99 121
102 123
108 120
110 120
110 121
115 122
3 126
7 129
11 127
12 127
20 128
20 129
21 129
22 129
27 126
29 129
30 127
30 128
31 127
39 128
40 126
41 126
46 126
47 125
48 128
52 125
53 125
53 128
54 127
56 125
63 126
74 127
80 126
90 125
95 126
96 127
103 125
109 125
110 126
112 129
118 128
123 127
4 133
4 134
17 131
25 130
25 132
32 132
32 133
35 132
39 134
40 134
43 134
45 132
51 133
53 133
55 131
62 132
62 133
63 132
73 133
82 131
84 130
87 131
88 134
90 131
90 134
91 134
96 134
97 131
97 133
98 131
104 132
104 133
104 134
106 133
110 131
112 132
119 132
119 133
120 134
122 130
123 132
123 134
124 131
126 131
129 134
0 139
4 137
15 137
17 135
27 136
27 137
27 138
32 138
35 139
37 135
37 137
39 137
40 136
45 139
57 139
58 135
71 135
72 137
77 137
81 139
87 135
90 136
95 136
99 139
102 137
109 137
109 138
115 137
122 135
123 138
123 139
124 136
124 137
128 138
129 135
134 136
1 140
9 141
12 142
14 142
20 140
21 143
23 140
27 141
29 142
29 143
30 143
31 144
37 140
50 142
52 143
64 143
66 140
69 142
70 141
74 143
74 144
75 141
83 144
85 140
86 143
87 144
91 140
103 140
103 141
106 140
112 140
119 144
127 143
128 140
132 142
132 143
135 144
137 144
139 141
1 145
2 145
4 149
5 149
10 149
14 147
20 145
34 145
40 146
45 145
54 147
56 145
68 148
77 148
85 145
88 148
91 148
95 145
96 146
99 146
100 147
101 145
108 146
120 149
125 145
128 148
142 149
1 154
5 151
9 153
12 153
19 153
22 150
30 154
36 154
48 152
49 151
51 150
54 152
60 154
61 151
62 153
65 150
66 154
71 153
76 153
83 154
87 151
88 152
90 153
94 154
95 150
97 154
101 154
103 154
117 150
117 154
118 151
120 152
122 153
122 154
123 151
123 154
126 151
129 152
130 153
132 151
133 152
140 153
143 151
10 158
12 158
37 157
50 159
59 159
67 158
71 159
72 155
73 157
76 157
78 157
83 158
89 155
89 156
90 155
98 157
100 155
105 155
109 156
110 157
113 155
113 158
114 156
117 156
120 157
121 156
121 159
122 157
126 158
130 156
136 156
137 156
142 157
148 159
154 156
6 161
14 164
16 160
25 162
27 161
32 160
35 161
40 163
40 164
46 164
51 163
53 160
53 162
55 164
56 164
60 164
66 164
77 164
78 161
82 164
83 163
84 160
86 160
90 163
93 163
94 162
99 161
99 163
106 163
111 162
112 164
115 163
117 164
119 160
126 160
137 163
140 163
146 161
151 164
152 160
152 163
156 161
158 162
4 165
4 166
5 169
6 167
6 169
13 169
16 165
17 165
18 165
23 168
25 165
28 166
32 168
34 166
35 166
37 168
43 167
44 166
46 165
68 169
70 167
77 167
80 167
83 167
86 167
89 165
94 168
103 167
108 168
110 168
120 168
142 167
149 167
160 169
1 172
1 174
19 171
34 171
36 170
40 170
43 171
49 174
71 172
71 174
74 170
77 171
78 171
78 173
86 173
89 174
106 170
107 174
112 174
117 172
118 170
126 170
127 172
138 174
139 172
146 173
149 173
159 170
160 174
163 172
165 170
166 170
166 172
4 175
9 178
12 175
14 177
25 179
42 175
45 179
46 178
47 179
50 177
50 179
57 175
57 178
75 178
79 177
79 179
83 175
85 178
86 179
92 178
97 178
98 179
100 175
106 178
111 178
115 179
127 177
127 178
127 179
135 179
138 176
152 179
163 178
172 177
173 175
173 177
0 180
0 183
2 184
4 180
7 183
13 182
19 184
21 183
22 184
27 180
30 183
32 181
32 184
37 182
40 181
50 180
52 180
60 184
63 180
70 183
72 184
77 180
80 183
82 182
90 180
95 180
102 183
109 183
115 182
115 183
116 184
119 183
120 184
123 181
123 183
128 183
135 182
137 184
139 180
150 180
154 180
154 181
156 180
156 183
157 180
159 180
164 182
178 182
0 185
7 187
10 188
16 185
18 185
18 188
20 187
26 187
30 186
37 186
38 186
40 186
42 189
46 186
53 186
72 185
79 187
80 185
81 187
81 189
90 186
92 186
95 187
96 188
98 188
102 187
103 188
109 187
110 185
113 189
114 186
120 187
121 185
138 185
141 189
144 189
145 186
146 187
148 186
156 189
162 185
169 186
170 188
174 185
174 187
178 185
179 185
184 188
4 192
10 193
13 192
15 190
16 193
18 190
18 192
25 190
36 191
38 190
40 192
44 190
47 190
55 194
58 190
78 194
82 194
88 192
89 190
95 190
100 190
105 194
108 192
109 190
109 192
109 193
114 190
121 190
134 192
143 191
144 193
149 192
150 191
161 190
161 191
161 192
165 193
166 192
170 192
171 193
175 194
179 191
183 190
2 197
8 195
12 197
13 195
15 196
27 197
30 199
32 198
37 197
38 199
41 199
42 197
50 199
51 196
52 198
57 196
75 196
78 198
83 199
97 198
99 196
103 198
112 195
114 198
117 196
118 199
119 197
125 198
128 196
135 199
139 195
145 197
156 197
157 199
158 195
159 196
162 195
165 196
169 197
173 197
178 199
181 197
181 199
182 198